Sequence provided by Karoline Volker, CSM, April 29, 2009.
Values (in mV) reflect concentrations of decane.
Time sampling interval dt is in nanoseconds.
nt=500
dt=2.0
ft=0.0
x=
-0.00296875
-0.00265625
-0.00289063
-0.00265625
-0.00257813
-0.0028125
-0.00171875
-0.00265625
-0.00359375
-0.00296875
-0.00265625
-0.003125
-0.00273438
-0.00382813
-0.00351563
-0.00539063
-0.00507813
-0.00492188
-0.005625
-0.0046875
-0.00507813
-0.00554688
-0.00617188
-0.00523438
-0.00625
-0.00742188
-0.00757813
-0.00710938
0.0003125
0.0103906
0.0196094
0.018125
0.00484375
-0.0158594
-0.0420313
-0.0564844
-0.0528125
-0.0299219
-0.00492188
0
0.0894531
0.151953
0.200859
0.114531
0.0178125
-0.207969
-0.4525
-0.408828
-0.361797
-0.00789063
0.326641
0.540547
0.642969
0.437422
0.184609
-0.177578
-0.599219
-0.788516
-0.708516
-0.445234
-0.122109
0.343828
0.790547
0.925
0.894453
0.447109
0.005
-0.417109
-1.14047
-1.33906
-1.05461
-0.473125
0.188984
0.958516
1.50602
1.31094
0.740547
-0.127422
-0.907266
-1.21469
-1.26078
-0.73875
0.177188
0.768359
0.977812
1.0375
0.766328
-0.0101563
-0.622813
-0.861719
-0.961328
-0.690391
-0.329297
0.187344
0.717344
0.757578
0.608984
0.513672
0.317969
-0.322812
-0.735938
-0.772578
-0.777188
-0.449453
0.0626562
0.71875
1.13414
0.916406
0.297187
-0.319141
-0.849141
-1.19992
-0.901172
-0.0936719
0.484687
0.783437
0.860469
0.568594
0.122813
-0.349063
-0.59875
-0.472109
-0.380078
-0.333672
-0.0497656
0.330391
0.422031
0.383984
0.437266
0.320234
-0.005625
-0.386172
-0.635078
-0.657031
-0.543203
-0.294297
0.342578
0.915859
1.03516
0.764453
0.240391
-0.457109
-1.11617
-1.2307
-0.837656
-0.0883594
0.573828
0.851172
0.975625
0.739375
0.199453
-0.317734
-0.533125
-0.666172
-0.775
-0.581953
-0.193047
0.280156
0.652813
0.807188
0.813438
0.516719
-0.134219
-0.68875
-0.923594
-0.877891
-0.634219
-0.0689844
0.590859
0.942188
0.965156
0.601797
0.110234
-0.472266
-0.914375
-0.897266
-0.522969
-0.0342969
0.315156
0.594844
0.626328
0.372266
0.0782812
-0.142656
-0.262422
-0.3725
-0.442656
-0.316563
-0.0632813
0.17
0.361484
0.511641
0.472344
0.164844
-0.175547
-0.450781
-0.528594
-0.446875
-0.243906
0.0811719
0.36875
0.507422
0.457578
0.306328
0.0205469
-0.346953
-0.526406
-0.516484
-0.289063
0.009375
0.271484
0.432344
0.363438
0.196719
-0.0276563
-0.165625
-0.240234
-0.304609
-0.2675
-0.150859
-0.0090625
0.176328
0.328359
0.390781
0.319766
0.101172
-0.167891
-0.352578
-0.402109
-0.387422
-0.219219
0.0114063
0.233359
0.381797
0.42
0.319688
0.085625
-0.184531
-0.442812
-0.486641
-0.323203
-0.06625
0.200937
0.38375
0.393359
0.247813
0.0650781
-0.100391
-0.208047
-0.244297
-0.257422
-0.202813
-0.0942188
0.0303125
0.166953
0.2825
0.291953
0.177578
0.0308594
-0.13375
-0.250781
-0.282266
-0.232813
-0.091875
0.0828125
0.211094
0.295781
0.269375
0.143359
-0.0817969
-0.258281
-0.315234
-0.2625
-0.076875
0.078125
0.192578
0.181719
0.0958594
0.0239844
-0.0126563
0.0140625
0.0123438
-0.0169531
-0.0729688
-0.162891
-0.152109
-0.0820313
0.03
0.150469
0.164453
0.137891
0.0344531
-0.0744531
-0.149297
-0.1825
-0.131953
-0.06375
0.0400781
0.137891
0.192344
0.165781
0.0667188
-0.0557031
-0.146016
-0.179844
-0.153984
-0.0872656
0.00296875
0.0455469
0.0799219
0.110859
0.142578
0.144297
0.0714844
-0.0454688
-0.191484
-0.268359
-0.241484
-0.103906
0.101563
0.249375
0.300078
0.224531
0.0635156
-0.118516
-0.249219
-0.266875
-0.217344
-0.0992188
0.0482031
0.171328
0.238672
0.223984
0.133047
0.0021875
-0.110391
-0.195234
-0.212578
-0.162344
-0.0802344
0.00773438
0.0901563
0.152734
0.192969
0.177031
0.0953125
-0.0438281
-0.188594
-0.277969
-0.276563
-0.148594
0.0285938
0.199297
0.285938
0.253281
0.141406
-0.023125
-0.146719
-0.230156
-0.236641
-0.164766
-0.0629688
0.08125
0.183594
0.229766
0.204688
0.0999219
-0.0283594
-0.158672
-0.230078
-0.222031
-0.15625
-0.0484375
0.0661719
0.165547
0.235156
0.220234
0.131484
-0.0176563
-0.184219
-0.292656
-0.299844
-0.192109
-0.00101563
0.190234
0.295234
0.291172
0.175078
0.00890625
-0.161406
-0.26875
-0.282344
-0.217734
-0.07
0.0886719
0.218125
0.274531
0.227656
0.111016
-0.05125
-0.183125
-0.248672
-0.22875
-0.140469
-0.0240625
0.100703
0.193516
0.23
0.193359
0.08875
-0.0542188
-0.194531
-0.280234
-0.273984
-0.158984
0.0221094
0.17875
0.27625
0.268516
0.164063
0.0113281
-0.146016
-0.236797
-0.257656
-0.193281
-0.0797656
0.0588281
0.176484
0.219609
0.198984
0.107578
-0.0225
-0.136094
-0.211797
-0.203984
-0.149453
-0.0516406
0.0707813
0.161719
0.219844
0.196016
0.113203
-0.0129688
-0.159063
-0.249922
-0.254141
-0.164375
-0.0149219
0.126875
0.219687
0.229922
0.155938
0.0392188
-0.0876563
-0.172734
-0.199922
-0.169531
-0.086875
0.0225
0.116875
0.173047
0.167422
0.107578
0.01375
-0.095625
-0.162734
-0.1825
-0.145781
-0.0639844
0.0407813
0.138359
0.187422
0.179922
0.105859
-0.0121875
-0.134531
-0.215859
-0.206016
-0.125
-0.000390625
0.114141
0.177578
0.174531
0.0974219
0.00015625
-0.0950781
-0.152188
-0.163359
-0.124531
-0.0464063
0.0420313
0.109531
0.142891
0.127578
0.0703906
-0.0111719
-0.090625
-0.128672
-0.135156
-0.0951563
